# Список пользователей с активными ключами
# Действующие ключи (expiry_time > current_timestamp)
# Получено из таблицы keys в bot_db через SSH
# Формат: tg_id

40885425
52829147
85504232
95333269
109682831
168430840
181274295
189105938
219653506
247670680
275822224
276543624
285161918
299134300
305355970
312255020
312535547
319215488
330355073
342790340
358479969
359905356
365964322
382144293
401231745
405955043
414316874
421151757
423515086
428059839
433963742
447975501
456610448
465350797
469231764
487273231
492206188
526946875
543031572
552810834
564492855
626291548
644229300
647343256
654614467
672181062
680538247
709927319
715463463
761385183
774049321
829266327
829707416
832057073
836250705
836531221
841640851
859425335
879454054
887390769
897461759
901418913
906527887
906577642
907557185
915678338
919338775
924214167
931954007
939983974
956466534
965591331
971048353
971860832
986097275
993208603
1020744949
1024139628
1096894227
1104322897
1112890881
1129589021
1133144343
1206507942
1220155667
1254448761
1255553195
1259484404
1332182179
1389603646
1395400742
1436197087
1536481019
1552921726
1617434097
1619119368
1694309611
1735091676
1767217246
1779731675
1843030876
1896774990
1955972335
1982361697
1992241489
2020141649
2049502991
2130518075
2139677385
5065853256
5089608136
5209930254
5257363483
5505724436
5550926683
5614628873
5676834957
5808505672
5911003384
6020610097
6764762298
6767882257
7381283645
8181171692
8579660082
